1
3
13
0.731592 0.038010 -0.048810 -0.004982 -0.025469 -0.022739 0.022640 0.000062 0.056319 0.029037 0.072788 0.043930 -0.025756 
0.138536 0.939361 0.168898 -0.002907 0.046650 0.007780 -0.022913 0.042895 -0.010276 -0.064257 0.052260 -0.086511 0.038252 
0.065460 0.075387 0.788583 -0.026949 0.134933 -0.013823 0.011290 -0.007498 0.028241 -0.078217 0.052881 -0.037813 -0.045970 
0.104113 0.030959 0.116839 0.718468 0.043202 -0.009615 -0.029625 -0.043441 -0.065965 -0.045760 0.119762 0.018440 -0.091667 
-0.044701 -0.017774 0.141817 -0.049045 0.730533 0.119346 0.018275 -0.059655 -0.053686 -0.091829 0.095092 0.000504 0.075027 
-0.315220 0.010772 -0.055786 0.072886 0.019679 0.845889 0.184225 -0.100809 -0.002936 0.043959 -0.025286 -0.004543 0.058098 
-0.186008 -0.163427 -0.077067 0.032837 0.005105 0.187132 0.709027 0.052825 -0.025822 0.105888 -0.029879 -0.097119 -0.009826 
0.004421 0.038991 -0.023777 -0.015158 -0.018853 0.027896 0.120458 0.685100 0.137938 0.079853 -0.044065 0.055938 -0.136005 
0.126978 -0.003943 0.056075 -0.093311 -0.020615 -0.026008 0.021276 0.191338 0.703435 0.248096 -0.087552 0.108799 -0.013598 
0.085284 0.063813 -0.003192 0.010048 0.047788 -0.001745 0.018063 0.043651 0.176936 0.589710 0.256997 -0.053665 0.173228 
0.108012 0.013975 0.005694 0.056768 -0.054623 -0.021552 0.034068 -0.009929 0.030458 0.155315 0.670592 0.123744 0.037959 
0.134761 0.084758 -0.006700 0.001494 -0.095131 0.039604 -0.026458 0.028474 0.047517 0.086132 0.124126 0.809115 0.029061 
0.159226 0.073807 0.018859 0.015623 -0.034645 -0.006753 0.041080 -0.082616 0.083501 -0.034735 0.120394 0.098175 0.742503 
4.076223 2.205690 1.440818 1.623660 -1.272352 -1.546184 -1.573688 -0.991537 0.099648 0.010033 1.041930 1.252863 1.177914 
1.0 1.0 1.0 1.0 1.0 1.0 1.0 1.0 1.0 1.0 1.0 1.0 1.0 
13
0.937052 0.017119 0.007725 -0.021995 0.009686 -0.001242 0.010365 -0.012725 0.019007 -0.038270 0.041496 -0.011249 0.006236 
-0.033236 0.955435 0.111609 -0.028303 0.078746 -0.067510 0.053572 -0.043869 0.014740 -0.043131 0.086178 -0.107225 0.103190 
0.055444 0.046852 0.982208 0.004991 0.069085 -0.035530 0.004423 0.007526 0.032979 -0.014605 0.029757 -0.028536 0.001763 
0.090154 0.042893 0.109980 0.820964 0.064322 -0.015911 0.031465 -0.036480 -0.002199 0.033438 -0.054154 0.056569 -0.020408 
-0.061310 -0.021785 0.150772 -0.022367 0.819444 0.141794 0.025041 -0.076765 0.038598 -0.003363 -0.005290 0.013890 -0.004865 
-0.378191 0.022982 -0.080844 0.050851 0.050131 0.920690 0.155790 -0.108318 0.028077 0.021718 -0.061286 0.054793 -0.079952 
-0.224588 -0.148765 -0.011351 0.046407 0.002027 0.131322 0.802904 0.102784 0.021328 0.052569 -0.101677 0.078082 -0.059560 
-0.106216 -0.002051 -0.051453 -0.055420 -0.041161 0.026207 0.018167 0.957892 0.087898 -0.005854 0.017503 0.012566 -0.041563 
-0.042983 -0.015175 -0.013385 0.026320 -0.074984 0.013693 -0.047168 0.201061 0.775352 0.225367 -0.158719 0.109658 -0.091005 
0.105713 0.028564 0.044963 0.109649 0.008102 -0.018289 -0.066063 -0.011089 0.151731 0.802931 0.168611 -0.048788 0.017013 
0.075476 0.030589 0.078587 0.097540 -0.062207 0.001619 -0.022651 -0.016121 -0.018270 0.138657 0.849459 0.157746 -0.063038 
0.124177 0.078550 0.003779 0.050549 -0.065745 0.027351 -0.041349 0.063712 -0.019611 0.030655 0.022564 1.029168 -0.018410 
0.039176 0.085927 -0.008067 0.011383 0.002696 -0.056318 0.046048 -0.068688 0.078482 0.002659 0.006375 0.070683 0.966440 
0.228447 -0.022028 -0.017740 0.195331 0.173567 -0.086187 -0.072112 -0.240918 -0.130184 0.079778 0.077904 0.191971 -0.043508 
1.0 1.0 1.0 1.0 1.0 1.0 1.0 1.0 1.0 1.0 1.0 1.0 1.0 
13
0.951268 0.007472 0.018556 -0.018445 0.006337 -0.005550 0.004575 -0.003477 0.000207 -0.002598 0.010075 -0.001682 -0.005844 
-0.032937 1.000107 0.049434 0.004581 0.029156 -0.016701 0.009059 -0.027907 0.010231 -0.018168 0.032134 -0.048106 0.041798 
0.092552 0.036650 1.027859 0.019978 0.053619 -0.031669 0.003526 0.005899 0.016144 -0.005042 0.002359 -0.000992 -0.010578 
0.097435 0.036753 0.129111 0.886091 0.058770 -0.044960 0.045974 -0.025083 0.007271 -0.010841 0.008039 0.010459 0.016843 
-0.043032 0.006492 0.075410 0.011902 0.904292 0.112662 -0.034353 0.002474 0.009449 -0.007934 0.010877 0.026886 -0.034318 
-0.325859 0.081071 -0.107282 0.033855 0.011301 1.020179 0.066298 -0.041685 0.014318 0.038052 -0.071547 0.078422 -0.086871 
-0.261978 -0.126022 0.009368 0.012677 -0.026669 0.087046 0.892175 0.076424 0.019805 0.009954 -0.049399 0.060642 -0.011461 
-0.045145 -0.063005 -0.010728 -0.030911 0.021058 -0.075560 0.058268 0.970858 0.063674 -0.022660 0.006153 0.013227 -0.038397 
-0.039126 -0.025269 0.002379 0.026286 -0.022094 -0.020062 0.002738 0.068066 0.925434 0.079480 -0.060158 0.021145 -0.002022 
0.145079 0.074570 -0.047251 0.139974 -0.016267 -0.027358 -0.007519 -0.028611 0.073313 0.947226 0.070275 -0.020076 0.012962 
0.008646 0.009693 0.016849 0.054804 -0.014457 -0.006719 -0.001318 -0.014363 -0.011077 0.073847 0.943383 0.074855 -0.008220 
0.111732 -0.037934 0.021540 0.000828 0.043090 -0.046859 0.013390 0.004743 0.024877 0.005645 0.047735 1.002893 0.015614 
0.135237 0.130055 -0.020021 0.003316 0.033050 -0.061035 0.037194 -0.031977 0.044608 0.019280 0.019607 -0.023370 1.049125 
0.017175 -0.098787 -0.012550 -0.014575 0.037316 -0.058371 0.149335 0.211341 -0.030330 0.040512 0.102309 0.060042 -0.162256 
1.0 1.0 1.0 1.0 1.0 1.0 1.0 1.0 1.0 1.0 1.0 1.0 1.0 
